731671765313306
249192251196744
265747423553491
949349698352031
277450632623957
831801698480186
947885184385861
560789112949495
459501737958331
952853208805511
125406987471585
238630507156932
909632952274430
435576689664895
044524452316173
185640309871112
172238311362229
893423380308135
336276614282806
444486645238749
303589072962904
915604407723907
138105158593079
608667017242712
188399879790879
227492190169972
088809377665727
333001053367881
220235421809751
254540594752243
525849077116705
560136048395864
467063244157221
553975369781797
784617406495514
929086256932197
846862248283972
241375657056057
490261407972968
652414535100474
821663704844031
998900088952434
506585412275886
668811642717147
992444292823086
346567481391912
316282458617866
458359124566529
476545682848912
883142607690042
242190226710556
263211111093705
442175069416589
604080719840385
096245544436298
123098787992724
428490918884580
156166097919133
875499200524063
689912560717606
058861164671094
050775410022569
831552000559357
297257163626956
188267042825248
360082325753042
0752963450